1.980
2.22500
3.24
4.127
5.197800
6.31
7.0
8.46
9.123
10.19
11.148
12.3060
13.0
14.4
15.3
16.1
17.3721
18.3588
19.76
20.166600
21.1863
22.5180
23.1836
24.16
25.768
26.6
27.314
28.95
29.1869
30.104
31.115
32.208
33.109
34.3834
35.13
36.1092
37.73
38.80
39.40
40.64
41.40
42.1560
43.73260
44.6648
45.72
46.29
47.167
48.142
49.6
50.851
51.192
52.58
53.3922
54.3968
55.420160
56.90
57.128
58.6690
59.117425
60.23
61.19
62.130
63.3083
64.63
65.2520
66.17
67.0
68.3480
69.61
70.0
71.152
72.103
73.300
74.199
75.3486
76.99
77.29
78.9310
79.195127
80.184
81.3742
82.3469
83.0
84.8
85.179
86.458
87.13
88.1160
89.168
90.44
91.125
92.4
93.1332
94.4
95.226809
96.1
97.2
98.40
99.194
100.28324
